12,Cinema City Calarasi,Toys Story,200,18,230.67,122.34,234.45,234.45,456.67,123.45,345.78,230.67,122.34,234.45,434.45,456.67,123.45,345.78,234.45,456.67,123.45,345.78,123.45,comedie,
1,Cinema City Bucuresti,Avangers 1,270,20,21400.67,122.34,204.45,234.45,406.37,123.45,345.78,230.67,102.34,234.45,234.45,156.67,123.45,345.78,234.45,456.67,123.45,345.78,123.45,123.45,345.78,actiune,
91,Cinema City Bucuresti,Iron Men 1,270,20,214.67,122.34,234.45,234.45,456.67,123.45,345.78,230.67,122.34,234.45,234.45,456.67,123.45,345.78,234.45,456.67,123.45,345.78,123.45,123.45,345.78,actiune,
27,Cinema City Timisoara,Spider Man 2,434,30,11500.07,122.34,234.45,234.45,446.67,123.45,345.78,230.67,122.34,234.45,234.45,456.67,123.45,345.78,234.45,456.67,123.45,345.78,123.45,123.45,345.78,456.67,123.45,345.78,234.45,456.67,123.45,345.78,123.45,123.45,345.78,aventura,
89,Cinema City Timisoara,Avangers 3,434,33,12000.67,122.34,134.45,234.45,456.67,123.45,345.78,230.67,122.34,234.45,234.15,456.67,123.45,345.78,234.45,456.67,123.45,345.78,123.45,123.45,345.78,456.67,123.45,345.78,234.45,456.67,123.45,345.78,123.45,123.45,345.78,123.45,123.45,345.78,actiune,
86,Cinema City Bucuresti,Avangers 2,270,20,21000.67,102.34,234.45,234.45,456.67,123.45,345.78,230.67,122.34,234.45,234.45,456.67,123.45,345.78,234.45,456.67,123.45,345.78,123.45,123.45,345.78,actiune,
41,Cinema City Timisoara,Spider Man,434,30,12000.67,122.34,234.45,234.45,456.67,823.45,345.78,230.67,122.34,234.45,234.45,456.67,123.45,345.78,234.45,456.67,123.45,345.78,123.45,123.45,345.78,122.34,234.45,234.45,456.67,123.45,345.78,230.67,122.34,234.45,234.45,aventura,
67,Cinema City Bucuresti,Avangers 2,270,30,21000.67,102.34,234.45,234.45,456.67,123.45,345.78,230.67,122.34,234.45,234.75,456.67,123.45,345.78,234.45,456.67,123.45,345.78,123.45,123.45,345.78,122.34,234.45,234.45,456.67,123.45,345.78,230.67,122.34,234.45,234.45,actiune,
3,Cinema City Craiova,Madagascar 2,300,30,30000.34,112.34,224.45,234.45,456.67,123.45,345.78,230.67,122.34,234.45,234.45,456.67,123.45,345.78,234.45,456.67,123.45,345.78,123.45,123.45,345.78,122.34,234.45,234.45,456.67,123.45,345.78,230.67,122.34,234.45,234.45,comedie,
75,Cinema City Bucuresti,Iron Men 2,270,30,21000.67,122.34,234.45,234.45,456.67,123.45,345.78,230.67,102.34,234.45,234.45,456.67,123.45,345.78,234.45,456.67,123.45,345.78,123.45,123.45,345.78,122.34,234.45,234.45,456.67,123.45,345.78,230.67,122.34,234.45,234.45,actiune,
66,Cinema City Calarasi,Madagascar 1,200,30,23000.67,122.34,234.45,234.45,456.67,123.45,345.78,230.67,132.34,234.45,234.45,456.67,123.45,345.78,234.45,456.67,123.45,345.78,123.45,123.45,345.78,122.34,234.45,234.45,456.67,123.45,345.78,230.67,122.34,234.45,234.45,comedie,
10,Cinema City Calarasi,Tom si Jerry,200,30,23000.67,122.34,234.45,234.45,456.67,123.45,345.78,130.67,122.34,254.45,234.45,456.67,123.45,345.78,234.45,456.67,123.45,345.78,123.45,123.45,345.78,122.34,234.45,234.45,456.67,123.45,345.78,230.67,122.34,234.45,234.45,comedie,
27,Cinema City Calarasi,Titanic,200,30,23000.67,122.34,234.45,234.45,456.67,123.45,345.78,130.67,122.34,254.45,234.45,456.67,123.45,345.78,234.45,456.67,123.45,345.78,123.45,123.45,345.78,122.34,234.45,234.45,456.67,123.45,345.78,230.67,122.34,234.45,234.45,drama,
25,Cinema City Calarasi,Love Story,200,5,23000.67,122.34,234.45,234.45,456.67,123.45,romantic,
55,Cinema City Calarasi,The Notebook,200,5,23000.67,122.34,234.45,234.45,456.67,123.45,romantic,